#
#
#  Percent Identity  Matrix - created by Clustal2.1 
#
#

     1: IgG_binder_427  100.00  100.00  100.00  100.00   97.22   96.43   96.43   96.55   96.55   96.43   96.55   96.43   96.55   96.43   98.28   98.21   98.25   98.11   96.55   98.18   94.83   96.55   98.18   98.21   91.07   89.66   94.64   93.10   96.55   96.43   96.30   98.21   98.11   98.28   86.21   85.71   86.21   85.71   82.98   83.33   89.29   88.68   89.66   87.93   87.50   87.93   87.50   89.66   89.29   91.07   90.57   91.38   87.93   87.50   87.93   87.50   82.76   82.14   86.79   86.21   87.93   87.50   89.66   89.29   87.93   87.50   88.68   87.50   87.93   87.50   87.27   87.93   87.50   87.93   85.71   86.21   84.91   83.93   84.48   85.71   86.21   84.91   84.78   86.05   85.42   89.09   89.29   88.89   89.29   89.66   89.66   88.68   92.11   91.67   86.21   85.71   84.91   87.93   87.50   89.66   89.29
     2: IgG_binder_430  100.00  100.00  100.00  100.00  100.00   96.43   96.43   96.43   96.43   96.43   96.43   96.43   96.43   96.43   98.21   98.15   98.18   98.08   98.21   98.18   98.21   98.21   98.18   98.21   91.07   91.07   94.64   94.64   96.43   96.30   96.30   98.21   98.08   98.21   85.71   85.71   85.71   85.71   82.98   83.33   89.29   88.46   89.29   87.50   87.50   87.50   87.50   89.29   89.29   91.07   90.38   91.07   87.50   87.50   87.50   87.50   82.14   82.14   86.54   87.50   87.50   87.50   89.29   89.29   87.50   87.50   88.46   87.50   87.50   87.50   87.27   87.50   87.50   87.50   85.71   85.71   84.62   83.93   83.93   85.71   85.71   84.62   84.78   85.71   84.78   89.09   89.29   88.89   88.89   89.29   89.29   88.68   91.67   91.67   85.71   85.71   84.62   87.50   87.50   89.29   89.29
     3: IgG_binder_867  100.00  100.00  100.00  100.00  100.00   98.08   96.15   96.23   96.23   96.15   96.23   96.15   96.23   96.15   98.11   98.11   98.11   98.11   98.11   98.04   96.23   96.23   98.08   98.08   90.38   88.68   94.23   92.45   96.23   96.23   96.15   98.08   98.11   98.11   84.91   84.62   84.91   84.62   82.98   83.33   88.46   88.68   88.68   86.79   86.54   86.79   86.54   88.68   88.46   90.38   90.57   90.57   86.79   86.54   86.79   86.54   81.13   80.77   86.79   86.79   86.79   86.54   88.68   88.46   86.79   86.54   88.68   88.46   88.68   88.46   88.24   88.68   86.54   86.79   84.62   84.91   84.91   82.69   83.02   84.62   84.91   84.91   84.78   86.05   85.11   88.24   88.46   88.46   88.68   88.68   88.68   88.24   91.89   91.67   84.91   84.62   84.91   86.79   86.54   88.68   88.46
     4: IgG_binder_794  100.00  100.00  100.00  100.00  100.00   97.06   94.12   94.12   97.06   97.06   97.06   97.06   97.06   97.06   97.06   97.06   97.06   97.06   97.06   96.97   97.06   97.06   97.06   97.06   91.18   91.18   91.18   91.18   94.12   94.12   94.12   97.06   97.06   97.06   88.24   88.24   91.18   91.18   93.94   94.12   94.12   94.12   94.12   91.18   91.18   91.18   91.18   94.12   94.12   97.06   97.06   97.06   91.18   91.18   91.18   91.18   91.18   91.18   94.12   91.18   94.12   94.12   94.12   94.12   91.18   91.18   94.12   94.12   94.12   94.12   93.94   94.12   94.12   94.12   94.12   94.12   94.12   94.12   94.12   94.12   94.12   94.12   94.12   94.12   94.12   93.94   94.12   94.12   94.12   94.12   94.12   93.94   94.12   94.12   97.06   97.06   97.06   97.06   97.06  100.00  100.00
     5: IgG_binder_791   97.22  100.00  100.00  100.00  100.00   97.06   94.12   91.67   94.44   97.06   94.44   97.06   94.44   97.06   94.44   94.44   94.44   97.14   94.44   96.97   91.67   91.67   97.06   97.06   91.18   86.11   91.18   86.11   91.67   91.67   94.12   97.06   97.14   94.44   86.11   88.24   88.89   91.18   93.94   94.12   94.12   94.29   91.67   88.89   91.18   88.89   91.18   91.67   94.12   97.06   97.14   94.44   88.89   91.18   88.89   91.18   88.89   91.18   94.29   91.67   91.67   94.12   91.67   94.12   88.89   91.18   94.29   94.12   91.67   94.12   93.94   91.67   94.12   91.67   94.12   91.67   94.29   94.12   91.67   94.12   91.67   94.29   94.12   94.29   91.67   93.94   94.12   94.12   91.67   91.67   91.67   93.94   91.67   94.12   94.44   97.06   97.14   94.44   97.06   97.22  100.00
     6: IgG_binder_354   96.43   96.43   98.08   97.06   97.06  100.00   96.43   96.43   96.43   96.43   96.43   96.43   96.43   96.43   98.21  100.00   98.18  100.00   98.21   98.18   98.21   98.21   98.18   98.21   91.07   91.07   94.64   94.64   96.43   98.15   98.15   94.64   96.15   94.64   85.71   85.71   85.71   85.71   85.11   85.42   85.71   86.54   85.71   87.50   87.50   87.50   87.50   87.50   87.50   87.50   88.46   87.50   87.50   87.50   87.50   87.50   82.14   82.14   88.46   87.50   87.50   87.50   89.29   89.29   87.50   87.50   90.38   87.50   87.50   87.50   87.27   87.50   87.50   87.50   85.71   85.71   86.54   83.93   83.93   85.71   85.71   86.54   86.96   88.10   86.96   89.09   89.29   90.74   90.74   89.29   89.29   90.57   88.89   88.89   82.14   82.14   82.69   83.93   83.93   85.71   85.71
     7: IgG_binder_515   96.43   96.43   96.15   94.12   94.12   96.43  100.00  100.00   96.43   96.43   96.43   96.43   96.43   96.43   98.21   98.15   98.18   98.08   98.21   98.18   98.21   98.21   98.18   98.21   94.64   94.64   98.21   98.21   96.43   96.30   96.30   94.64   94.23   94.64   85.71   85.71   85.71   85.71   82.98   83.33   89.29   88.46   89.29   89.29   89.29   91.07   91.07   87.50   87.50   87.50   86.54   87.50   87.50   87.50   87.50   87.50   85.71   85.71   86.54   87.50   87.50   87.50   89.29   89.29   87.50   87.50   88.46   87.50   87.50   87.50   87.27   87.50   87.50   87.50   85.71   85.71   84.62   83.93   83.93   85.71   85.71   84.62   84.78   85.71   84.78   89.09   89.29   88.89   88.89   89.29   89.29   88.68   86.11   86.11   83.93   83.93   80.77   83.93   83.93   85.71   85.71
     8: IgG_binder_514   96.55   96.43   96.23   94.12   91.67   96.43  100.00  100.00   96.55   96.43   96.55   96.43   96.55   96.43   98.28   98.21   98.25   98.11   96.55   98.18   94.83   96.55   98.18   98.21   94.64   93.10   98.21   96.55   96.55   96.43   96.30   94.64   94.34   94.83   86.21   85.71   86.21   85.71   82.98   83.33   89.29   88.68   89.66   89.66   89.29   91.38   91.07   87.93   87.50   87.50   86.79   87.93   87.93   87.50   87.93   87.50   86.21   85.71   86.79   86.21   87.93   87.50   89.66   89.29   87.93   87.50   88.68   87.50   87.93   87.50   87.27   87.93   87.50   87.93   85.71   86.21   84.91   83.93   84.48   85.71   86.21   84.91   84.78   86.05   85.42   89.09   89.29   88.89   89.29   89.66   89.66   88.68   86.84   86.11   84.48   83.93   81.13   84.48   83.93   86.21   85.71
     9: IgG_binder_516   96.55   96.43   96.23   97.06   94.44   96.43   96.43   96.55  100.00  100.00   96.55   96.43   96.55   96.43   98.28   98.21   98.25   98.11   96.55   98.18   94.83   96.55   98.18   98.21   91.07   89.66   94.64   93.10   96.55   96.43   96.30   94.64   94.34   94.83   86.21   85.71   86.21   85.71   82.98   83.33   85.71   84.91   86.21   87.93   87.50   87.93   87.50   87.93   87.50   87.50   86.79   87.93   87.93   87.50   87.93   87.50   84.48   83.93   86.79   86.21   87.93   87.50   89.66   89.29   87.93   87.50   88.68   87.50   87.93   87.50   87.27   87.93   87.50   87.93   85.71   86.21   84.91   85.71   86.21   85.71   86.21   84.91   84.78   88.37   85.42   89.09   89.29   88.89   89.29   89.66   89.66   88.68   89.47   88.89   84.48   83.93   83.02   84.48   83.93   86.21   85.71
    10: IgG_binder_518   96.43   96.43   96.15   97.06   97.06   96.43   96.43   96.43  100.00  100.00   96.43   96.43   96.43   96.43   98.21   98.15   98.18   98.08   98.21   98.18   98.21   98.21   98.18   98.21   91.07   91.07   94.64   94.64   96.43   96.30   96.30   94.64   94.23   94.64   85.71   85.71   85.71   85.71   82.98   83.33   85.71   84.62   85.71   87.50   87.50   87.50   87.50   87.50   87.50   87.50   86.54   87.50   87.50   87.50   87.50   87.50   83.93   83.93   86.54   87.50   87.50   87.50   89.29   89.29   87.50   87.50   88.46   87.50   87.50   87.50   87.27   87.50   87.50   87.50   85.71   85.71   84.62   85.71   85.71   85.71   85.71   84.62   84.78   88.10   84.78   89.09   89.29   88.89   88.89   89.29   89.29   88.68   88.89   88.89   83.93   83.93   82.69   83.93   83.93   85.71   85.71
    11: IgG_binder_609   96.55   96.43   96.23   97.06   94.44   96.43   96.43   96.55   96.55   96.43  100.00  100.00   96.55   96.43   98.28   98.21   98.25   98.11   96.55   98.18   94.83   96.55   98.18   98.21   91.07   89.66   94.64   93.10   96.55   96.43   96.30   94.64   94.34   94.83   86.21   85.71   89.66   89.29   85.11   85.42   85.71   84.91   86.21   87.93   87.50   87.93   87.50   87.93   87.50   87.50   86.79   87.93   87.93   87.50   87.93   87.50   86.21   85.71   86.79   86.21   87.93   87.50   89.66   89.29   87.93   87.50   88.68   87.50   87.93   87.50   87.27   87.93   87.50   87.93   85.71   86.21   84.91   87.50   87.93   89.29   89.66   88.68   86.96   88.37   87.50   89.09   89.29   88.89   89.29   89.66   89.66   88.68   89.47   88.89   86.21   85.71   84.91   87.93   87.50   89.66   89.29
    12: IgG_binder_611   96.43   96.43   96.15   97.06   97.06   96.43   96.43   96.43   96.43   96.43  100.00  100.00   96.43   96.43   98.21   98.15   98.18   98.08   98.21   98.18   98.21   98.21   98.18   98.21   91.07   91.07   94.64   94.64   96.43   96.30   96.30   94.64   94.23   94.64   85.71   85.71   89.29   89.29   85.11   85.42   85.71   84.62   85.71   87.50   87.50   87.50   87.50   87.50   87.50   87.50   86.54   87.50   87.50   87.50   87.50   87.50   85.71   85.71   86.54   87.50   87.50   87.50   89.29   89.29   87.50   87.50   88.46   87.50   87.50   87.50   87.27   87.50   87.50   87.50   85.71   85.71   84.62   87.50   87.50   89.29   89.29   88.46   86.96   88.10   86.96   89.09   89.29   88.89   88.89   89.29   89.29   88.68   88.89   88.89   85.71   85.71   84.62   87.50   87.50   89.29   89.29
    13: IgG_binder_682   96.55   96.43   96.23   97.06   94.44   96.43   96.43   96.55   96.55   96.43   96.55   96.43  100.00  100.00   98.28   98.21   98.25   98.11   96.55   98.18   94.83   96.55   98.18   98.21   91.07   89.66   94.64   93.10   96.55   96.43   96.30   94.64   94.34   94.83   86.21   85.71   86.21   85.71   82.98   83.33   85.71   84.91   86.21   87.93   87.50   87.93   87.50   87.93   87.50   87.50   86.79   87.93   87.93   87.50   87.93   87.50   82.76   82.14   86.79   86.21   87.93   87.50   89.66   89.29   87.93   87.50   88.68   87.50   87.93   87.50   87.27   87.93   89.29   89.66   85.71   86.21   84.91   83.93   84.48   85.71   86.21   84.91   86.96   88.37   87.50   89.09   89.29   88.89   89.29   89.66   89.66   88.68   89.47   88.89   82.76   82.14   81.13   84.48   83.93   86.21   85.71
    14: IgG_binder_684   96.43   96.43   96.15   97.06   97.06   96.43   96.43   96.43   96.43   96.43   96.43   96.43  100.00  100.00   98.21   98.15   98.18   98.08   98.21   98.18   98.21   98.21   98.18   98.21   91.07   91.07   94.64   94.64   96.43   96.30   96.30   94.64   94.23   94.64   85.71   85.71   85.71   85.71   82.98   83.33   85.71   84.62   85.71   87.50   87.50   87.50   87.50   87.50   87.50   87.50   86.54   87.50   87.50   87.50   87.50   87.50   82.14   82.14   86.54   87.50   87.50   87.50   89.29   89.29   87.50   87.50   88.46   87.50   87.50   87.50   87.27   87.50   89.29   89.29   85.71   85.71   84.62   83.93   83.93   85.71   85.71   84.62   86.96   88.10   86.96   89.09   89.29   88.89   88.89   89.29   89.29   88.68   88.89   88.89   82.14   82.14   80.77   83.93   83.93   85.71   85.71
    15: IgG_binder_266   98.28   98.21   98.11   97.06   94.44   98.21   98.21   98.28   98.28   98.21   98.28   98.21   98.28   98.21  100.00  100.00  100.00  100.00   98.28  100.00   96.55   98.28  100.00  100.00   92.86   91.38   96.43   94.83   98.28   98.21   98.15   96.43   96.23   96.55   87.93   87.50   87.93   87.50   85.11   85.42   87.50   86.79   87.93   89.66   89.29   89.66   89.29   89.66   89.29   89.29   88.68   89.66   89.66   89.29   89.66   89.29   84.48   83.93   88.68   87.93   89.66   89.29   91.38   91.07   89.66   89.29   90.57   89.29   89.66   89.29   89.09   89.66   89.29   89.66   87.50   87.93   86.79   85.71   86.21   87.50   87.93   86.79   86.96   88.37   87.50   90.91   91.07   90.74   91.07   91.38   91.38   90.57   89.47   88.89   84.48   83.93   83.02   86.21   85.71   87.93   87.50
    16: IgG_binder_352   98.21   98.15   98.11   97.06   94.44  100.00   98.15   98.21   98.21   98.15   98.21   98.15   98.21   98.15  100.00  100.00  100.00  100.00   98.21  100.00   96.43   98.21  100.00  100.00   92.59   91.07   96.30   94.64   98.21   98.21   98.15   96.30   96.23   96.43   87.50   87.04   87.50   87.04   85.11   85.42   87.04   86.79   87.50   89.29   88.89   89.29   88.89   89.29   88.89   88.89   88.68   89.29   89.29   88.89   89.29   88.89   83.93   83.33   88.68   87.50   89.29   88.89   91.07   90.74   89.29   88.89   90.57   88.89   89.29   88.89   88.68   89.29   88.89   89.29   87.04   87.50   86.79   85.19   85.71   87.04   87.50   86.79   86.96   88.37   87.50   90.57   90.74   90.74   91.07   91.07   91.07   90.57   89.47   88.89   83.93   83.33   83.02   85.71   85.19   87.50   87.04
    17: IgG_binder_494   98.25   98.18   98.11   97.06   94.44   98.18   98.18   98.25   98.25   98.18   98.25   98.18   98.25   98.18  100.00  100.00  100.00  100.00   98.25  100.00   96.49   98.25  100.00  100.00   92.73   91.23   96.36   94.74   98.25   98.21   98.15   96.36   96.23   96.49   87.72   87.27   87.72   87.27   85.11   85.42   87.27   86.79   87.72   89.47   89.09   89.47   89.09   89.47   89.09   89.09   88.68   89.47   89.47   89.09   89.47   89.09   84.21   83.64   88.68   87.72   89.47   89.09   91.23   90.91   89.47   89.09   90.57   89.09   89.47   89.09   88.89   89.47   89.09   89.47   87.27   87.72   86.79   85.45   85.96   87.27   87.72   86.79   86.96   88.37   87.50   90.74   90.91   90.74   91.07   91.23   91.23   90.57   89.47   88.89   84.21   83.64   83.02   85.96   85.45   87.72   87.27
    18: IgG_binder_843   98.11   98.08   98.11   97.06   97.14  100.00   98.08   98.11   98.11   98.08   98.11   98.08   98.11   98.08  100.00  100.00  100.00  100.00  100.00  100.00   98.11   98.11  100.00  100.00   92.31   90.57   96.15   94.34   98.11   98.11   98.08   96.15   96.23   96.23   86.79   86.54   86.79   86.54   85.11   85.42   86.54   86.79   86.79   88.68   88.46   88.68   88.46   88.68   88.46   88.46   88.68   88.68   88.68   88.46   88.68   88.46   83.02   82.69   88.68   88.68   88.68   88.46   90.57   90.38   88.68   88.46   90.57   90.38   90.57   90.38   90.20   90.57   88.46   88.68   86.54   86.79   86.79   84.62   84.91   86.54   86.79   86.79   86.96   88.37   87.23   90.20   90.38   90.38   90.57   90.57   90.57   90.20   89.19   88.89   83.02   82.69   83.02   84.91   84.62   86.79   86.54
    19: IgG_binder_535   96.55   98.21   98.11   97.06   94.44   98.21   98.21   96.55   96.55   98.21   96.55   98.21   96.55   98.21   98.28   98.21   98.25  100.00  100.00  100.00   96.55   96.55  100.00  100.00   92.86   89.66   96.43   93.10   96.55   96.43   98.15   96.43   96.23   94.83   86.21   87.50   86.21   87.50   85.11   85.42   87.50   86.79   86.21   87.93   89.29   87.93   89.29   87.93   89.29   89.29   88.68   87.93   87.93   89.29   87.93   89.29   82.76   83.93   88.68   87.93   87.93   89.29   89.66   91.07   87.93   89.29   90.57   89.29   87.93   89.29   89.09   87.93   89.29   87.93   87.50   86.21   86.79   85.71   84.48   87.50   86.21   86.79   86.96   88.37   85.42   90.91   91.07   90.74   89.29   89.66   89.66   90.57   86.84   88.89   82.76   83.93   83.02   84.48   85.71   86.21   87.50
    20: IgG_binder_426   98.18   98.18   98.04   96.97   96.97   98.18   98.18   98.18   98.18   98.18   98.18   98.18   98.18   98.18  100.00  100.00  100.00  100.00  100.00  100.00  100.00  100.00  100.00  100.00   92.73   92.73   96.36   96.36   98.18   98.11   98.11   96.36   96.08   96.36   87.27   87.27   87.27   87.27   85.11   85.11   87.27   86.27   87.27   89.09   89.09   89.09   89.09   89.09   89.09   89.09   88.24   89.09   89.09   89.09   89.09   89.09   83.64   83.64   88.24   89.09   89.09   89.09   90.91   90.91   89.09   89.09   90.20   89.09   89.09   89.09   89.09   89.09   89.09   89.09   87.27   87.27   86.27   85.45   85.45   87.27   87.27   86.27   86.67   87.80   86.67   90.91   90.91   90.57   90.57   90.91   90.91   90.57   88.57   88.57   83.64   83.64   82.35   85.45   85.45   87.27   87.27
    21: IgG_binder_773   94.83   98.21   96.23   97.06   91.67   98.21   98.21   94.83   94.83   98.21   94.83   98.21   94.83   98.21   96.55   96.43   96.49   98.11   96.55  100.00  100.00   96.55  100.00  100.00   92.86   91.38   96.43   94.83   94.83   94.64   98.15   96.43   94.34   93.10   84.48   87.50   84.48   87.50   85.11   85.42   87.50   84.91   84.48   86.21   89.29   86.21   89.29   86.21   89.29   89.29   86.79   86.21   86.21   89.29   86.21   89.29   81.03   83.93   86.79   86.21   86.21   89.29   87.93   91.07   86.21   89.29   88.68   89.29   86.21   89.29   89.09   86.21   89.29   86.21   87.50   84.48   84.91   85.71   82.76   87.50   84.48   84.91   86.96   86.05   83.33   90.91   91.07   90.74   87.50   87.93   87.93   90.57   84.21   88.89   81.03   83.93   81.13   82.76   85.71   84.48   87.50
    22: IgG_binder_779   96.55   98.21   96.23   97.06   91.67   98.21   98.21   96.55   96.55   98.21   96.55   98.21   96.55   98.21   98.28   98.21   98.25   98.11   96.55  100.00   96.55  100.00  100.00  100.00   92.86   91.38   96.43   94.83   96.55   96.43   98.15   96.43   94.34   94.83   86.21   87.50   86.21   87.50   85.11   85.42   87.50   84.91   86.21   87.93   89.29   87.93   89.29   87.93   89.29   89.29   86.79   87.93   87.93   89.29   87.93   89.29   82.76   83.93   86.79   86.21   87.93   89.29   89.66   91.07   87.93   89.29   88.68   89.29   87.93   89.29   89.09   87.93   89.29   87.93   87.50   86.21   84.91   85.71   84.48   87.50   86.21   84.91   86.96   86.05   85.42   90.91   91.07   90.74   89.29   89.66   89.66   90.57   86.84   88.89   82.76   83.93   81.13   84.48   85.71   86.21   87.50
    23: IgG_binder_496   98.18   98.18   98.08   97.06   97.06   98.18   98.18   98.18   98.18   98.18   98.18   98.18   98.18   98.18  100.00  100.00  100.00  100.00  100.00  100.00  100.00  100.00  100.00  100.00   92.73   92.73   96.36   96.36   98.18   98.15   98.15   96.36   96.15   96.36   87.27   87.27   87.27   87.27   85.11   85.42   87.27   86.54   87.27   89.09   89.09   89.09   89.09   89.09   89.09   89.09   88.46   89.09   89.09   89.09   89.09   89.09   83.64   83.64   88.46   89.09   89.09   89.09   90.91   90.91   89.09   89.09   90.38   89.09   89.09   89.09   88.89   89.09   89.09   89.09   87.27   87.27   86.54   85.45   85.45   87.27   87.27   86.54   86.96   88.10   86.96   90.74   90.91   90.74   90.74   90.91   90.91   90.57   88.89   88.89   83.64   83.64   82.69   85.45   85.45   87.27   87.27
    24: IgG_binder_270   98.21   98.21   98.08   97.06   97.06   98.21   98.21   98.21   98.21   98.21   98.21   98.21   98.21   98.21  100.00  100.00  100.00  100.00  100.00  100.00  100.00  100.00  100.00  100.00   92.86   92.86   96.43   96.43   98.21   98.15   98.15   96.43   96.15   96.43   87.50   87.50   87.50   87.50   85.11   85.42   87.50   86.54   87.50   89.29   89.29   89.29   89.29   89.29   89.29   89.29   88.46   89.29   89.29   89.29   89.29   89.29   83.93   83.93   88.46   89.29   89.29   89.29   91.07   91.07   89.29   89.29   90.38   89.29   89.29   89.29   89.09   89.29   89.29   89.29   87.50   87.50   86.54   85.71   85.71   87.50   87.50   86.54   86.96   88.10   86.96   90.91   91.07   90.74   90.74   91.07   91.07   90.57   88.89   88.89   83.93   83.93   82.69   85.71   85.71   87.50   87.50
    25: IgG_binder_691   91.07   91.07   90.38   91.18   91.18   91.07   94.64   94.64   91.07   91.07   91.07   91.07   91.07   91.07   92.86   92.59   92.73   92.31   92.86   92.73   92.86   92.86   92.73   92.86  100.00  100.00   96.43   96.43   94.64   94.44   94.44   92.86   92.31   92.86   87.50   87.50   87.50   87.50   85.11   85.42   91.07   90.38   91.07   91.07   91.07   92.86   92.86   89.29   89.29   89.29   88.46   89.29   89.29   89.29   89.29   89.29   87.50   87.50   88.46   89.29   89.29   89.29   89.29   89.29   89.29   89.29   90.38   89.29   89.29   89.29   89.09   89.29   89.29   89.29   87.50   87.50   86.54   85.71   85.71   87.50   87.50   86.54   86.96   88.10   86.96   90.91   91.07   90.74   90.74   91.07   91.07   90.57   88.89   88.89   82.14   82.14   82.69   85.71   85.71   83.93   83.93
    26: IgG_binder_693   89.66   91.07   88.68   91.18   86.11   91.07   94.64   93.10   89.66   91.07   89.66   91.07   89.66   91.07   91.38   91.07   91.23   90.57   89.66   92.73   91.38   91.38   92.73   92.86  100.00  100.00   96.43   96.55   93.10   92.86   94.44   92.86   90.57   91.38   86.21   87.50   86.21   87.50   85.11   85.42   91.07   88.68   89.66   89.66   91.07   91.38   92.86   87.93   89.29   89.29   86.79   87.93   87.93   89.29   87.93   89.29   86.21   87.50   86.79   86.21   87.93   89.29   87.93   89.29   87.93   89.29   88.68   89.29   87.93   89.29   89.09   87.93   89.29   87.93   87.50   86.21   84.91   85.71   84.48   87.50   86.21   84.91   86.96   86.05   85.42   90.91   91.07   90.74   89.29   89.66   89.66   90.57   86.84   88.89   81.03   82.14   81.13   84.48   85.71   82.76   83.93
    27: IgG_binder_675   94.64   94.64   94.23   91.18   91.18   94.64   98.21   98.21   94.64   94.64   94.64   94.64   94.64   94.64   96.43   96.30   96.36   96.15   96.43   96.36   96.43   96.43   96.36   96.43   96.43   96.43  100.00  100.00   98.21   98.15   98.15   96.43   96.15   96.43   87.50   87.50   87.50   87.50   85.11   85.42   91.07   90.38   91.07   91.07   91.07   92.86   92.86   89.29   89.29   89.29   88.46   89.29   89.29   89.29   89.29   89.29   87.50   87.50   88.46   89.29   89.29   89.29   89.29   89.29   89.29   89.29   90.38   89.29   89.29   89.29   89.09   89.29   89.29   89.29   87.50   87.50   86.54   85.71   85.71   87.50   87.50   86.54   86.96   88.10   86.96   90.91   91.07   90.74   90.74   91.07   91.07   90.57   88.89   88.89   82.14   82.14   82.69   85.71   85.71   83.93   83.93
    28: IgG_binder_678   93.10   94.64   92.45   91.18   86.11   94.64   98.21   96.55   93.10   94.64   93.10   94.64   93.10   94.64   94.83   94.64   94.74   94.34   93.10   96.36   94.83   94.83   96.36   96.43   96.43   96.55  100.00  100.00   96.55   96.43   98.15   96.43   94.34   94.83   86.21   87.50   86.21   87.50   85.11   85.42   91.07   88.68   89.66   89.66   91.07   91.38   92.86   87.93   89.29   89.29   86.79   87.93   87.93   89.29   87.93   89.29   86.21   87.50   86.79   86.21   87.93   89.29   87.93   89.29   87.93   89.29   88.68   89.29   87.93   89.29   89.09   87.93   89.29   87.93   87.50   86.21   84.91   85.71   84.48   87.50   86.21   84.91   86.96   86.05   85.42   90.91   91.07   90.74   89.29   89.66   89.66   90.57   86.84   88.89   81.03   82.14   81.13   84.48   85.71   82.76   83.93
    29: SPA_C_Domain     96.55   96.43   96.23   94.12   91.67   96.43   96.43   96.55   96.55   96.43   96.55   96.43   96.55   96.43   98.28   98.21   98.25   98.11   96.55   98.18   94.83   96.55   98.18   98.21   94.64   93.10   98.21   96.55  100.00  100.00  100.00   98.21   98.11   98.28   89.66   89.29   89.66   89.29   87.23   87.50   89.29   88.68   89.66   91.38   91.07   91.38   91.07   91.38   91.07   91.07   90.57   91.38   91.38   91.07   91.38   91.07   86.21   85.71   90.57   89.66   91.38   91.07   91.38   91.07   91.38   91.07   92.45   91.07   91.38   91.07   90.91   91.38   91.07   91.38   89.29   89.66   88.68   87.50   87.93   89.29   89.66   88.68   89.13   90.70   89.58   92.73   92.86   92.59   92.86   93.10   93.10   92.45   92.11   91.67   82.76   82.14   84.91   87.93   87.50   86.21   85.71
    30: IgG_binder_716   96.43   96.30   96.23   94.12   91.67   98.15   96.30   96.43   96.43   96.30   96.43   96.30   96.43   96.30   98.21   98.21   98.21   98.11   96.43   98.11   94.64   96.43   98.15   98.15   94.44   92.86   98.15   96.43  100.00  100.00  100.00   98.15   98.11   98.21   89.29   88.89   89.29   88.89   87.23   87.50   88.89   88.68   89.29   91.07   90.74   91.07   90.74   91.07   90.74   90.74   90.57   91.07   91.07   90.74   91.07   90.74   85.71   85.19   90.57   89.29   91.07   90.74   91.07   90.74   91.07   90.74   92.45   90.74   91.07   90.74   90.57   91.07   90.74   91.07   88.89   89.29   88.68   87.04   87.50   88.89   89.29   88.68   89.13   90.70   89.58   92.45   92.59   92.59   92.86   92.86   92.86   92.45   92.11   91.67   82.14   81.48   84.91   87.50   87.04   85.71   85.19
    31: IgG_binder_718   96.30   96.30   96.15   94.12   94.12   98.15   96.30   96.30   96.30   96.30   96.30   96.30   96.30   96.30   98.15   98.15   98.15   98.08   98.15   98.11   98.15   98.15   98.15   98.15   94.44   94.44   98.15   98.15  100.00  100.00  100.00   98.15   98.08   98.15   88.89   88.89   88.89   88.89   87.23   87.50   88.89   88.46   88.89   90.74   90.74   90.74   90.74   90.74   90.74   90.74   90.38   90.74   90.74   90.74   90.74   90.74   85.19   85.19   90.38   90.74   90.74   90.74   90.74   90.74   90.74   90.74   92.31   90.74   90.74   90.74   90.57   90.74   90.74   90.74   88.89   88.89   88.46   87.04   87.04   88.89   88.89   88.46   89.13   90.48   89.13   92.45   92.59   92.59   92.59   92.59   92.59   92.45   91.67   91.67   81.48   81.48   84.62   87.04   87.04   85.19   85.19
    32: IgG_binder_704   98.21   98.21   98.08   97.06   97.06   94.64   94.64   94.64   94.64   94.64   94.64   94.64   94.64   94.64   96.43   96.30   96.36   96.15   96.43   96.36   96.43   96.43   96.36   96.43   92.86   92.86   96.43   96.43   98.21   98.15   98.15  100.00  100.00  100.00   87.50   87.50   87.50   87.50   85.11   85.42   91.07   90.38   91.07   89.29   89.29   89.29   89.29   91.07   91.07   92.86   92.31   92.86   89.29   89.29   89.29   89.29   83.93   83.93   88.46   89.29   89.29   89.29   89.29   89.29   89.29   89.29   90.38   89.29   89.29   89.29   89.09   89.29   89.29   89.29   87.50   87.50   86.54   85.71   85.71   87.50   87.50   86.54   86.96   88.10   86.96   90.91   91.07   90.74   90.74   91.07   91.07   90.57   94.44   94.44   83.93   83.93   86.54   89.29   89.29   87.50   87.50
    33: IgG_binder_855   98.11   98.08   98.11   97.06   97.14   96.15   94.23   94.34   94.34   94.23   94.34   94.23   94.34   94.23   96.23   96.23   96.23   96.23   96.23   96.08   94.34   94.34   96.15   96.15   92.31   90.57   96.15   94.34   98.11   98.11   98.08  100.00  100.00  100.00   86.79   86.54   86.79   86.54   85.11   85.42   90.38   90.57   90.57   88.68   88.46   88.68   88.46   90.57   90.38   92.31   92.45   92.45   88.68   88.46   88.68   88.46   83.02   82.69   88.68   88.68   88.68   88.46   88.68   88.46   88.68   88.46   90.57   90.38   90.57   90.38   90.20   90.57   88.46   88.68   86.54   86.79   86.79   84.62   84.91   86.54   86.79   86.79   86.96   88.37   87.23   90.20   90.38   90.38   90.57   90.57   90.57   90.20   94.59   94.44   83.02   82.69   86.79   88.68   88.46   86.79   86.54
    34: IgG_binder_702   98.28   98.21   98.11   97.06   94.44   94.64   94.64   94.83   94.83   94.64   94.83   94.64   94.83   94.64   96.55   96.43   96.49   96.23   94.83   96.36   93.10   94.83   96.36   96.43   92.86   91.38   96.43   94.83   98.28   98.21   98.15  100.00  100.00  100.00   87.93   87.50   87.93   87.50   85.11   85.42   91.07   90.57   91.38   89.66   89.29   89.66   89.29   91.38   91.07   92.86   92.45   93.10   89.66   89.29   89.66   89.29   84.48   83.93   88.68   87.93   89.66   89.29   89.66   89.29   89.66   89.29   90.57   89.29   89.66   89.29   89.09   89.66   89.29   89.66   87.50   87.93   86.79   85.71   86.21   87.50   87.93   86.79   86.96   88.37   87.50   90.91   91.07   90.74   91.07   91.38   91.38   90.57   94.74   94.44   84.48   83.93   86.79   89.66   89.29   87.93   87.50
    35: IgG_binder_657   86.21   85.71   84.91   88.24   86.11   85.71   85.71   86.21   86.21   85.71   86.21   85.71   86.21   85.71   87.93   87.50   87.72   86.79   86.21   87.27   84.48   86.21   87.27   87.50   87.50   86.21   87.50   86.21   89.66   89.29   88.89   87.50   86.79   87.93  100.00  100.00   93.10   92.86   91.49   91.67   92.86   92.45   93.10   94.83   94.64   94.83   94.64   94.83   94.64   94.64   94.34   94.83   94.83   94.64   94.83   94.64   89.66   89.29   94.34   93.10   94.83   94.64   94.83   94.64   94.83   94.64   96.23   94.64   94.83   94.64   94.55   94.83   94.64   94.83   92.86   93.10   92.45   91.07   91.38   92.86   93.10   92.45   93.48   95.35   93.75   96.36   96.43   96.30   96.43   96.55   96.55   96.23   86.84   86.11   86.21   85.71   88.68   91.38   91.07   89.66   89.29
    36: IgG_binder_667   85.71   85.71   84.62   88.24   88.24   85.71   85.71   85.71   85.71   85.71   85.71   85.71   85.71   85.71   87.50   87.04   87.27   86.54   87.50   87.27   87.50   87.50   87.27   87.50   87.50   87.50   87.50   87.50   89.29   88.89   88.89   87.50   86.54   87.50  100.00  100.00   92.86   92.86   91.49   91.67   92.86   92.31   92.86   94.64   94.64   94.64   94.64   94.64   94.64   94.64   94.23   94.64   94.64   94.64   94.64   94.64   89.29   89.29   94.23   94.64   94.64   94.64   94.64   94.64   94.64   94.64   96.15   94.64   94.64   94.64   94.55   94.64   94.64   94.64   92.86   92.86   92.31   91.07   91.07   92.86   92.86   92.31   93.48   95.24   93.48   96.36   96.43   96.30   96.30   96.43   96.43   96.23   86.11   86.11   85.71   85.71   88.46   91.07   91.07   89.29   89.29
    37: IgG_binder_314   86.21   85.71   84.91   91.18   88.89   85.71   85.71   86.21   86.21   85.71   89.66   89.29   86.21   85.71   87.93   87.50   87.72   86.79   86.21   87.27   84.48   86.21   87.27   87.50   87.50   86.21   87.50   86.21   89.66   89.29   88.89   87.50   86.79   87.93   93.10   92.86  100.00  100.00   93.62   93.75   92.86   92.45   93.10   94.83   94.64   94.83   94.64   94.83   94.64   94.64   94.34   94.83   94.83   94.64   94.83   94.64   93.10   92.86   94.34   93.10   94.83   94.64   94.83   94.64   94.83   94.64   96.23   94.64   94.83   94.64   94.55   94.83   94.64   94.83   92.86   93.10   92.45   94.64   94.83   96.43   96.55   96.23   95.65   97.67   95.83   96.36   96.43   96.30   96.43   96.55   96.55   96.23   89.47   88.89   89.66   89.29   92.45   94.83   94.64   93.10   92.86
    38: IgG_binder_319   85.71   85.71   84.62   91.18   91.18   85.71   85.71   85.71   85.71   85.71   89.29   89.29   85.71   85.71   87.50   87.04   87.27   86.54   87.50   87.27   87.50   87.50   87.27   87.50   87.50   87.50   87.50   87.50   89.29   88.89   88.89   87.50   86.54   87.50   92.86   92.86  100.00  100.00   93.62   93.75   92.86   92.31   92.86   94.64   94.64   94.64   94.64   94.64   94.64   94.64   94.23   94.64   94.64   94.64   94.64   94.64   92.86   92.86   94.23   94.64   94.64   94.64   94.64   94.64   94.64   94.64   96.15   94.64   94.64   94.64   94.55   94.64   94.64   94.64   92.86   92.86   92.31   94.64   94.64   96.43   96.43   96.15   95.65   97.62   95.65   96.36   96.43   96.30   96.30   96.43   96.43   96.23   88.89   88.89   89.29   89.29   92.31   94.64   94.64   92.86   92.86
    39: IgG_binder_768   82.98   82.98   82.98   93.94   93.94   85.11   82.98   82.98   82.98   82.98   85.11   85.11   82.98   82.98   85.11   85.11   85.11   85.11   85.11   85.11   85.11   85.11   85.11   85.11   85.11   85.11   85.11   85.11   87.23   87.23   87.23   85.11   85.11   85.11   91.49   91.49   93.62   93.62  100.00  100.00   91.49   91.49   91.49   93.62   93.62   93.62   93.62   93.62   93.62   93.62   93.62   93.62   93.62   93.62   93.62   93.62   91.49   91.49   93.62   93.62   93.62   93.62   93.62   93.62   93.62   93.62   95.74   95.74   95.74   95.74   95.74   95.74   93.62   93.62   95.74   95.74   95.74   93.62   93.62   95.74   95.74   95.74   95.56  100.00   95.56   95.74   95.74   95.74   95.74   95.74   95.74   95.74   91.43   91.43   87.23   87.23   91.49   93.62   93.62   91.49   91.49
    40: IgG_binder_769   83.33   83.33   83.33   94.12   94.12   85.42   83.33   83.33   83.33   83.33   85.42   85.42   83.33   83.33   85.42   85.42   85.42   85.42   85.42   85.11   85.42   85.42   85.42   85.42   85.42   85.42   85.42   85.42   87.50   87.50   87.50   85.42   85.42   85.42   91.67   91.67   93.75   93.75  100.00  100.00   91.67   91.67   91.67   93.75   93.75   93.75   93.75   93.75   93.75   93.75   93.75   93.75   93.75   93.75   93.75   93.75   91.67   91.67   93.75   93.75   93.75   93.75   93.75   93.75   93.75   93.75   95.83   95.83   95.83   95.83   95.74   95.83   93.75   93.75   95.83   95.83   95.83   93.75   93.75   95.83   95.83   95.83   95.65  100.00   95.65   95.74   95.83   95.83   95.83   95.83   95.83   95.74   91.67   91.67   87.50   87.50   91.67   93.75   93.75   91.67   91.67
    41: IgG_binder_504   89.29   89.29   88.46   94.12   94.12   85.71   89.29   89.29   85.71   85.71   85.71   85.71   85.71   85.71   87.50   87.04   87.27   86.54   87.50   87.27   87.50   87.50   87.27   87.50   91.07   91.07   91.07   91.07   89.29   88.89   88.89   91.07   90.38   91.07   92.86   92.86   92.86   92.86   91.49   91.67  100.00  100.00  100.00   96.43   96.43   98.21   98.21   96.43   96.43   98.21   98.08   98.21   94.64   94.64   94.64   94.64   92.86   92.86   94.23   94.64   94.64   94.64   94.64   94.64   94.64   94.64   96.15   94.64   94.64   94.64   94.55   94.64   94.64   94.64   92.86   92.86   92.31   91.07   91.07   92.86   92.86   92.31   93.48   95.24   93.48   96.36   96.43   96.30   96.30   96.43   96.43   96.23   91.67   91.67   91.07   91.07   92.31   94.64   94.64   92.86   92.86
    42: IgG_binder_864   88.68   88.46   88.68   94.12   94.29   86.54   88.46   88.68   84.91   84.62   84.91   84.62   84.91   84.62   86.79   86.79   86.79   86.79   86.79   86.27   84.91   84.91   86.54   86.54   90.38   88.68   90.38   88.68   88.68   88.68   88.46   90.38   90.57   90.57   92.45   92.31   92.45   92.31   91.49   91.67  100.00  100.00  100.00   96.23   96.15   98.11   98.08   96.23   96.15   98.08   98.11   98.11   94.34   94.23   94.34   94.23   92.45   92.31   94.34   94.34   94.34   94.23   94.34   94.23   94.34   94.23   96.23   96.15   96.23   96.15   96.08   96.23   94.23   94.34   92.31   92.45   92.45   90.38   90.57   92.31   92.45   92.45   93.48   95.35   93.62   96.08   96.15   96.15   96.23   96.23   96.23   96.08   91.89   91.67   90.57   90.38   92.45   94.34   94.23   92.45   92.31
    43: IgG_binder_503   89.66   89.29   88.68   94.12   91.67   85.71   89.29   89.66   86.21   85.71   86.21   85.71   86.21   85.71   87.93   87.50   87.72   86.79   86.21   87.27   84.48   86.21   87.27   87.50   91.07   89.66   91.07   89.66   89.66   89.29   88.89   91.07   90.57   91.38   93.10   92.86   93.10   92.86   91.49   91.67  100.00  100.00  100.00   96.55   96.43   98.28   98.21   96.55   96.43   98.21   98.11   98.28   94.83   94.64   94.83   94.64   93.10   92.86   94.34   93.10   94.83   94.64   94.83   94.64   94.83   94.64   96.23   94.64   94.83   94.64   94.55   94.83   94.64   94.83   92.86   93.10   92.45   91.07   91.38   92.86   93.10   92.45   93.48   95.35   93.75   96.36   96.43   96.30   96.43   96.55   96.55   96.23   92.11   91.67   91.38   91.07   92.45   94.83   94.64   93.10   92.86
    44: IgG_binder_593   87.93   87.50   86.79   91.18   88.89   87.50   89.29   89.66   87.93   87.50   87.93   87.50   87.93   87.50   89.66   89.29   89.47   88.68   87.93   89.09   86.21   87.93   89.09   89.29   91.07   89.66   91.07   89.66   91.38   91.07   90.74   89.29   88.68   89.66   94.83   94.64   94.83   94.64   93.62   93.75   96.43   96.23   96.55  100.00  100.00   98.28   98.21   96.55   96.43   96.43   96.23   96.55   96.55   96.43   96.55   96.43   93.10   92.86   96.23   94.83   96.55   96.43   96.55   96.43   96.55   96.43   98.11   96.43   96.55   96.43   96.36   96.55   96.43   96.55   94.64   94.83   94.34   92.86   93.10   94.64   94.83   94.34   95.65   97.67   95.83   98.18   98.21   98.15   98.21   98.28   98.28   98.11   89.47   88.89   91.38   91.07   90.57   93.10   92.86   91.38   91.07
    45: IgG_binder_594   87.50   87.50   86.54   91.18   91.18   87.50   89.29   89.29   87.50   87.50   87.50   87.50   87.50   87.50   89.29   88.89   89.09   88.46   89.29   89.09   89.29   89.29   89.09   89.29   91.07   91.07   91.07   91.07   91.07   90.74   90.74   89.29   88.46   89.29   94.64   94.64   94.64   94.64   93.62   93.75   96.43   96.15   96.43  100.00  100.00   98.21   98.21   96.43   96.43   96.43   96.15   96.43   96.43   96.43   96.43   96.43   92.86   92.86   96.15   96.43   96.43   96.43   96.43   96.43   96.43   96.43   98.08   96.43   96.43   96.43   96.36   96.43   96.43   96.43   94.64   94.64   94.23   92.86   92.86   94.64   94.64   94.23   95.65   97.62   95.65   98.18   98.21   98.15   98.15   98.21   98.21   98.11   88.89   88.89   91.07   91.07   90.38   92.86   92.86   91.07   91.07
    46: IgG_binder_615   87.93   87.50   86.79   91.18   88.89   87.50   91.07   91.38   87.93   87.50   87.93   87.50   87.93   87.50   89.66   89.29   89.47   88.68   87.93   89.09   86.21   87.93   89.09   89.29   92.86   91.38   92.86   91.38   91.38   91.07   90.74   89.29   88.68   89.66   94.83   94.64   94.83   94.64   93.62   93.75   98.21   98.11   98.28   98.28   98.21  100.00  100.00   96.55   96.43   96.43   96.23   96.55   96.55   96.43   96.55   96.43   94.83   94.64   96.23   94.83   96.55   96.43   96.55   96.43   96.55   96.43   98.11   96.43   96.55   96.43   96.36   96.55   96.43   96.55   94.64   94.83   94.34   92.86   93.10   94.64   94.83   94.34   95.65   97.67   95.83   98.18   98.21   98.15   98.21   98.28   98.28   98.11   89.47   88.89   89.66   89.29   90.57   93.10   92.86   91.38   91.07
    47: IgG_binder_621   87.50   87.50   86.54   91.18   91.18   87.50   91.07   91.07   87.50   87.50   87.50   87.50   87.50   87.50   89.29   88.89   89.09   88.46   89.29   89.09   89.29   89.29   89.09   89.29   92.86   92.86   92.86   92.86   91.07   90.74   90.74   89.29   88.46   89.29   94.64   94.64   94.64   94.64   93.62   93.75   98.21   98.08   98.21   98.21   98.21  100.00  100.00   96.43   96.43   96.43   96.15   96.43   96.43   96.43   96.43   96.43   94.64   94.64   96.15   96.43   96.43   96.43   96.43   96.43   96.43   96.43   98.08   96.43   96.43   96.43   96.36   96.43   96.43   96.43   94.64   94.64   94.23   92.86   92.86   94.64   94.64   94.23   95.65   97.62   95.65   98.18   98.21   98.15   98.15   98.21   98.21   98.11   88.89   88.89   89.29   89.29   90.38   92.86   92.86   91.07   91.07
    48: IgG_binder_590   89.66   89.29   88.68   94.12   91.67   87.50   87.50   87.93   87.93   87.50   87.93   87.50   87.93   87.50   89.66   89.29   89.47   88.68   87.93   89.09   86.21   87.93   89.09   89.29   89.29   87.93   89.29   87.93   91.38   91.07   90.74   91.07   90.57   91.38   94.83   94.64   94.83   94.64   93.62   93.75   96.43   96.23   96.55   96.55   96.43   96.55   96.43  100.00  100.00   98.21   98.11   98.28   96.55   96.43   96.55   96.43   91.38   91.07   96.23   94.83   96.55   96.43   96.55   96.43   96.55   96.43   98.11   96.43   96.55   96.43   96.36   96.55   96.43   96.55   94.64   94.83   94.34   92.86   93.10   94.64   94.83   94.34   95.65   97.67   95.83   98.18   98.21   98.15   98.21   98.28   98.28   98.11   92.11   91.67   89.66   89.29   92.45   94.83   94.64   93.10   92.86
    49: IgG_binder_591   89.29   89.29   88.46   94.12   94.12   87.50   87.50   87.50   87.50   87.50   87.50   87.50   87.50   87.50   89.29   88.89   89.09   88.46   89.29   89.09   89.29   89.29   89.09   89.29   89.29   89.29   89.29   89.29   91.07   90.74   90.74   91.07   90.38   91.07   94.64   94.64   94.64   94.64   93.62   93.75   96.43   96.15   96.43   96.43   96.43   96.43   96.43  100.00  100.00   98.21   98.08   98.21   96.43   96.43   96.43   96.43   91.07   91.07   96.15   96.43   96.43   96.43   96.43   96.43   96.43   96.43   98.08   96.43   96.43   96.43   96.36   96.43   96.43   96.43   94.64   94.64   94.23   92.86   92.86   94.64   94.64   94.23   95.65   97.62   95.65   98.18   98.21   98.15   98.15   98.21   98.21   98.11   91.67   91.67   89.29   89.29   92.31   94.64   94.64   92.86   92.86
    50: IgG_binder_290   91.07   91.07   90.38   97.06   97.06   87.50   87.50   87.50   87.50   87.50   87.50   87.50   87.50   87.50   89.29   88.89   89.09   88.46   89.29   89.09   89.29   89.29   89.09   89.29   89.29   89.29   89.29   89.29   91.07   90.74   90.74   92.86   92.31   92.86   94.64   94.64   94.64   94.64   93.62   93.75   98.21   98.08   98.21   96.43   96.43   96.43   96.43   98.21   98.21  100.00  100.00  100.00   96.43   96.43   96.43   96.43   91.07   91.07   96.15   96.43   96.43   96.43   96.43   96.43   96.43   96.43   98.08   96.43   96.43   96.43   96.36   96.43   96.43   96.43   94.64   94.64   94.23   92.86   92.86   94.64   94.64   94.23   95.65   97.62   95.65   98.18   98.21   98.15   98.15   98.21   98.21   98.11   94.44   94.44   91.07   91.07   94.23   96.43   96.43   94.64   94.64
    51: IgG_binder_910   90.57   90.38   90.57   97.06   97.14   88.46   86.54   86.79   86.79   86.54   86.79   86.54   86.79   86.54   88.68   88.68   88.68   88.68   88.68   88.24   86.79   86.79   88.46   88.46   88.46   86.79   88.46   86.79   90.57   90.57   90.38   92.31   92.45   92.45   94.34   94.23   94.34   94.23   93.62   93.75   98.08   98.11   98.11   96.23   96.15   96.23   96.15   98.11   98.08  100.00  100.00  100.00   96.23   96.15   96.23   96.15   90.57   90.38   96.23   96.23   96.23   96.15   96.23   96.15   96.23   96.15   98.11   98.08   98.11   98.08   98.04   98.11   96.15   96.23   94.23   94.34   94.34   92.31   92.45   94.23   94.34   94.34   95.65   97.67   95.74   98.04   98.08   98.08   98.11   98.11   98.11   98.04   94.59   94.44   90.57   90.38   94.34   96.23   96.15   94.34   94.23
    52: IgG_binder_286   91.38   91.07   90.57   97.06   94.44   87.50   87.50   87.93   87.93   87.50   87.93   87.50   87.93   87.50   89.66   89.29   89.47   88.68   87.93   89.09   86.21   87.93   89.09   89.29   89.29   87.93   89.29   87.93   91.38   91.07   90.74   92.86   92.45   93.10   94.83   94.64   94.83   94.64   93.62   93.75   98.21   98.11   98.28   96.55   96.43   96.55   96.43   98.28   98.21  100.00  100.00  100.00   96.55   96.43   96.55   96.43   91.38   91.07   96.23   94.83   96.55   96.43   96.55   96.43   96.55   96.43   98.11   96.43   96.55   96.43   96.36   96.55   96.43   96.55   94.64   94.83   94.34   92.86   93.10   94.64   94.83   94.34   95.65   97.67   95.83   98.18   98.21   98.15   98.21   98.28   98.28   98.11   94.74   94.44   91.38   91.07   94.34   96.55   96.43   94.83   94.64
    53: IgG_binder_587   87.93   87.50   86.79   91.18   88.89   87.50   87.50   87.93   87.93   87.50   87.93   87.50   87.93   87.50   89.66   89.29   89.47   88.68   87.93   89.09   86.21   87.93   89.09   89.29   89.29   87.93   89.29   87.93   91.38   91.07   90.74   89.29   88.68   89.66   94.83   94.64   94.83   94.64   93.62   93.75   94.64   94.34   94.83   96.55   96.43   96.55   96.43   96.55   96.43   96.43   96.23   96.55  100.00  100.00   98.28   98.21   91.38   91.07   96.23   94.83   96.55   96.43   96.55   96.43   96.55   96.43   98.11   96.43   96.55   96.43   96.36   96.55   96.43   96.55   94.64   94.83   94.34   92.86   93.10   94.64   94.83   94.34   95.65   97.67   95.83   98.18   98.21   98.15   98.21   98.28   98.28   98.11   89.47   88.89   87.93   87.50   90.57   93.10   92.86   91.38   91.07
    54: IgG_binder_589   87.50   87.50   86.54   91.18   91.18   87.50   87.50   87.50   87.50   87.50   87.50   87.50   87.50   87.50   89.29   88.89   89.09   88.46   89.29   89.09   89.29   89.29   89.09   89.29   89.29   89.29   89.29   89.29   91.07   90.74   90.74   89.29   88.46   89.29   94.64   94.64   94.64   94.64   93.62   93.75   94.64   94.23   94.64   96.43   96.43   96.43   96.43   96.43   96.43   96.43   96.15   96.43  100.00  100.00   98.21   98.21   91.07   91.07   96.15   96.43   96.43   96.43   96.43   96.43   96.43   96.43   98.08   96.43   96.43   96.43   96.36   96.43   96.43   96.43   94.64   94.64   94.23   92.86   92.86   94.64   94.64   94.23   95.65   97.62   95.65   98.18   98.21   98.15   98.15   98.21   98.21   98.11   88.89   88.89   87.50   87.50   90.38   92.86   92.86   91.07   91.07
    55: IgG_binder_595   87.93   87.50   86.79   91.18   88.89   87.50   87.50   87.93   87.93   87.50   87.93   87.50   87.93   87.50   89.66   89.29   89.47   88.68   87.93   89.09   86.21   87.93   89.09   89.29   89.29   87.93   89.29   87.93   91.38   91.07   90.74   89.29   88.68   89.66   94.83   94.64   94.83   94.64   93.62   93.75   94.64   94.34   94.83   96.55   96.43   96.55   96.43   96.55   96.43   96.43   96.23   96.55   98.28   98.21  100.00  100.00   91.38   91.07   96.23   94.83   96.55   96.43   96.55   96.43   96.55   96.43   98.11   96.43   96.55   96.43   96.36   96.55   96.43   96.55   94.64   94.83   94.34   92.86   93.10   94.64   94.83   94.34   95.65   97.67   95.83   98.18   98.21   98.15   98.21   98.28   98.28   98.11   89.47   88.89   87.93   87.50   90.57   93.10   92.86   91.38   91.07
    56: IgG_binder_597   87.50   87.50   86.54   91.18   91.18   87.50   87.50   87.50   87.50   87.50   87.50   87.50   87.50   87.50   89.29   88.89   89.09   88.46   89.29   89.09   89.29   89.29   89.09   89.29   89.29   89.29   89.29   89.29   91.07   90.74   90.74   89.29   88.46   89.29   94.64   94.64   94.64   94.64   93.62   93.75   94.64   94.23   94.64   96.43   96.43   96.43   96.43   96.43   96.43   96.43   96.15   96.43   98.21   98.21  100.00  100.00   91.07   91.07   96.15   96.43   96.43   96.43   96.43   96.43   96.43   96.43   98.08   96.43   96.43   96.43   96.36   96.43   96.43   96.43   94.64   94.64   94.23   92.86   92.86   94.64   94.64   94.23   95.65   97.62   95.65   98.18   98.21   98.15   98.15   98.21   98.21   98.11   88.89   88.89   87.50   87.50   90.38   92.86   92.86   91.07   91.07
    57: IgG_binder_616   82.76   82.14   81.13   91.18   88.89   82.14   85.71   86.21   84.48   83.93   86.21   85.71   82.76   82.14   84.48   83.93   84.21   83.02   82.76   83.64   81.03   82.76   83.64   83.93   87.50   86.21   87.50   86.21   86.21   85.71   85.19   83.93   83.02   84.48   89.66   89.29   93.10   92.86   91.49   91.67   92.86   92.45   93.10   93.10   92.86   94.83   94.64   91.38   91.07   91.07   90.57   91.38   91.38   91.07   91.38   91.07  100.00  100.00   90.57   89.66   91.38   91.07   91.38   91.07   91.38   91.07   92.45   91.07   91.38   91.07   90.91   91.38   91.07   91.38   91.07   91.38   90.57   98.21   98.28   96.43   96.55   96.23   93.48   97.67   93.75   92.73   92.86   92.59   92.86   93.10   93.10   92.45   89.47   88.89   94.83   94.64   96.23   94.83   94.64   93.10   92.86
    58: IgG_binder_620   82.14   82.14   80.77   91.18   91.18   82.14   85.71   85.71   83.93   83.93   85.71   85.71   82.14   82.14   83.93   83.33   83.64   82.69   83.93   83.64   83.93   83.93   83.64   83.93   87.50   87.50   87.50   87.50   85.71   85.19   85.19   83.93   82.69   83.93   89.29   89.29   92.86   92.86   91.49   91.67   92.86   92.31   92.86   92.86   92.86   94.64   94.64   91.07   91.07   91.07   90.38   91.07   91.07   91.07   91.07   91.07  100.00  100.00   90.38   91.07   91.07   91.07   91.07   91.07   91.07   91.07   92.31   91.07   91.07   91.07   90.91   91.07   91.07   91.07   91.07   91.07   90.38   98.21   98.21   96.43   96.43   96.15   93.48   97.62   93.48   92.73   92.86   92.59   92.59   92.86   92.86   92.45   88.89   88.89   94.64   94.64   96.15   94.64   94.64   92.86   92.86
    59: IgG_binder_914   86.79   86.54   86.79   94.12   94.29   88.46   86.54   86.79   86.79   86.54   86.79   86.54   86.79   86.54   88.68   88.68   88.68   88.68   88.68   88.24   86.79   86.79   88.46   88.46   88.46   86.79   88.46   86.79   90.57   90.57   90.38   88.46   88.68   88.68   94.34   94.23   94.34   94.23   93.62   93.75   94.23   94.34   94.34   96.23   96.15   96.23   96.15   96.23   96.15   96.15   96.23   96.23   96.23   96.15   96.23   96.15   90.57   90.38  100.00   96.23   98.11   98.08   96.23   96.15   96.23   96.15   98.11   98.08   98.11   98.08   98.04   98.11   96.15   96.23   94.23   94.34   94.34   92.31   92.45   94.23   94.34   94.34   95.65   97.67   95.74   98.04   98.08   98.08   98.11   98.11   98.11   98.04   91.89   91.67   86.79   86.54   90.57   92.45   92.31   90.57   90.38
    60: SPA_Z_Domain     86.21   87.50   86.79   91.18   91.67   87.50   87.50   86.21   86.21   87.50   86.21   87.50   86.21   87.50   87.93   87.50   87.72   88.68   87.93   89.09   86.21   86.21   89.09   89.29   89.29   86.21   89.29   86.21   89.66   89.29   90.74   89.29   88.68   87.93   93.10   94.64   93.10   94.64   93.62   93.75   94.64   94.34   93.10   94.83   96.43   94.83   96.43   94.83   96.43   96.43   96.23   94.83   94.83   96.43   94.83   96.43   89.66   91.07   96.23  100.00   94.83   96.43   94.83   96.43   94.83   96.43   98.11   96.43   94.83   96.43   96.36   94.83   96.43   94.83   94.64   93.10   94.34   92.86   91.38   94.64   93.10   94.34   95.65   97.67   93.75   98.18   98.21   98.15   96.43   96.55   96.55   98.11   86.84   88.89   86.21   87.50   90.57   91.38   92.86   89.66   91.07
    61: IgG_binder_631   87.93   87.50   86.79   94.12   91.67   87.50   87.50   87.93   87.93   87.50   87.93   87.50   87.93   87.50   89.66   89.29   89.47   88.68   87.93   89.09   86.21   87.93   89.09   89.29   89.29   87.93   89.29   87.93   91.38   91.07   90.74   89.29   88.68   89.66   94.83   94.64   94.83   94.64   93.62   93.75   94.64   94.34   94.83   96.55   96.43   96.55   96.43   96.55   96.43   96.43   96.23   96.55   96.55   96.43   96.55   96.43   91.38   91.07   98.11   94.83  100.00  100.00   96.55   96.43   96.55   96.43   98.11   96.43   96.55   96.43   96.36   96.55   96.43   96.55   94.64   94.83   94.34   92.86   93.10   94.64   94.83   94.34   95.65   97.67   95.83   98.18   98.21   98.15   98.21   98.28   98.28   98.11   92.11   91.67   87.93   87.50   90.57   93.10   92.86   91.38   91.07
    62: IgG_binder_633   87.50   87.50   86.54   94.12   94.12   87.50   87.50   87.50   87.50   87.50   87.50   87.50   87.50   87.50   89.29   88.89   89.09   88.46   89.29   89.09   89.29   89.29   89.09   89.29   89.29   89.29   89.29   89.29   91.07   90.74   90.74   89.29   88.46   89.29   94.64   94.64   94.64   94.64   93.62   93.75   94.64   94.23   94.64   96.43   96.43   96.43   96.43   96.43   96.43   96.43   96.15   96.43   96.43   96.43   96.43   96.43   91.07   91.07   98.08   96.43  100.00  100.00   96.43   96.43   96.43   96.43   98.08   96.43   96.43   96.43   96.36   96.43   96.43   96.43   94.64   94.64   94.23   92.86   92.86   94.64   94.64   94.23   95.65   97.62   95.65   98.18   98.21   98.15   98.15   98.21   98.21   98.11   91.67   91.67   87.50   87.50   90.38   92.86   92.86   91.07   91.07
    63: IgG_binder_648   89.66   89.29   88.68   94.12   91.67   89.29   89.29   89.66   89.66   89.29   89.66   89.29   89.66   89.29   91.38   91.07   91.23   90.57   89.66   90.91   87.93   89.66   90.91   91.07   89.29   87.93   89.29   87.93   91.38   91.07   90.74   89.29   88.68   89.66   94.83   94.64   94.83   94.64   93.62   93.75   94.64   94.34   94.83   96.55   96.43   96.55   96.43   96.55   96.43   96.43   96.23   96.55   96.55   96.43   96.55   96.43   91.38   91.07   96.23   94.83   96.55   96.43  100.00  100.00   96.55   96.43   98.11   96.43   96.55   96.43   96.36   96.55   96.43   96.55   94.64   94.83   94.34   92.86   93.10   94.64   94.83   94.34   95.65   97.67   95.83   98.18   98.21   98.15   98.21   98.28   98.28   98.11   89.47   88.89   89.66   89.29   90.57   93.10   92.86   93.10   92.86
    64: IgG_binder_652   89.29   89.29   88.46   94.12   94.12   89.29   89.29   89.29   89.29   89.29   89.29   89.29   89.29   89.29   91.07   90.74   90.91   90.38   91.07   90.91   91.07   91.07   90.91   91.07   89.29   89.29   89.29   89.29   91.07   90.74   90.74   89.29   88.46   89.29   94.64   94.64   94.64   94.64   93.62   93.75   94.64   94.23   94.64   96.43   96.43   96.43   96.43   96.43   96.43   96.43   96.15   96.43   96.43   96.43   96.43   96.43   91.07   91.07   96.15   96.43   96.43   96.43  100.00  100.00   96.43   96.43   98.08   96.43   96.43   96.43   96.36   96.43   96.43   96.43   94.64   94.64   94.23   92.86   92.86   94.64   94.64   94.23   95.65   97.62   95.65   98.18   98.21   98.15   98.15   98.21   98.21   98.11   88.89   88.89   89.29   89.29   90.38   92.86   92.86   92.86   92.86
    65: IgG_binder_653   87.93   87.50   86.79   91.18   88.89   87.50   87.50   87.93   87.93   87.50   87.93   87.50   87.93   87.50   89.66   89.29   89.47   88.68   87.93   89.09   86.21   87.93   89.09   89.29   89.29   87.93   89.29   87.93   91.38   91.07   90.74   89.29   88.68   89.66   94.83   94.64   94.83   94.64   93.62   93.75   94.64   94.34   94.83   96.55   96.43   96.55   96.43   96.55   96.43   96.43   96.23   96.55   96.55   96.43   96.55   96.43   91.38   91.07   96.23   94.83   96.55   96.43   96.55   96.43  100.00  100.00   98.11   96.43   96.55   96.43   96.36   96.55   96.43   96.55   94.64   94.83   94.34   92.86   93.10   94.64   94.83   94.34   95.65   97.67   95.83   98.18   98.21   98.15   98.21   98.28   98.28   98.11   89.47   88.89   87.93   87.50   90.57   93.10   92.86   91.38   91.07
    66: IgG_binder_655   87.50   87.50   86.54   91.18   91.18   87.50   87.50   87.50   87.50   87.50   87.50   87.50   87.50   87.50   89.29   88.89   89.09   88.46   89.29   89.09   89.29   89.29   89.09   89.29   89.29   89.29   89.29   89.29   91.07   90.74   90.74   89.29   88.46   89.29   94.64   94.64   94.64   94.64   93.62   93.75   94.64   94.23   94.64   96.43   96.43   96.43   96.43   96.43   96.43   96.43   96.15   96.43   96.43   96.43   96.43   96.43   91.07   91.07   96.15   96.43   96.43   96.43   96.43   96.43  100.00  100.00   98.08   96.43   96.43   96.43   96.36   96.43   96.43   96.43   94.64   94.64   94.23   92.86   92.86   94.64   94.64   94.23   95.65   97.62   95.65   98.18   98.21   98.15   98.15   98.21   98.21   98.11   88.89   88.89   87.50   87.50   90.38   92.86   92.86   91.07   91.07
    67: IgG_binder_842   88.68   88.46   88.68   94.12   94.29   90.38   88.46   88.68   88.68   88.46   88.68   88.46   88.68   88.46   90.57   90.57   90.57   90.57   90.57   90.20   88.68   88.68   90.38   90.38   90.38   88.68   90.38   88.68   92.45   92.45   92.31   90.38   90.57   90.57   96.23   96.15   96.23   96.15   95.74   95.83   96.15   96.23   96.23   98.11   98.08   98.11   98.08   98.11   98.08   98.08   98.11   98.11   98.11   98.08   98.11   98.08   92.45   92.31   98.11   98.11   98.11   98.08   98.11   98.08   98.11   98.08  100.00  100.00  100.00  100.00  100.00  100.00   98.08   98.11   96.15   96.23   96.23   94.23   94.34   96.15   96.23   96.23   97.83  100.00   97.87  100.00  100.00  100.00  100.00  100.00  100.00  100.00   91.89   91.67   88.68   88.46   92.45   94.34   94.23   92.45   92.31
    68: IgG_binder_605   87.50   87.50   88.46   94.12   94.12   87.50   87.50   87.50   87.50   87.50   87.50   87.50   87.50   87.50   89.29   88.89   89.09   90.38   89.29   89.09   89.29   89.29   89.09   89.29   89.29   89.29   89.29   89.29   91.07   90.74   90.74   89.29   90.38   89.29   94.64   94.64   94.64   94.64   95.74   95.83   94.64   96.15   94.64   96.43   96.43   96.43   96.43   96.43   96.43   96.43   98.08   96.43   96.43   96.43   96.43   96.43   91.07   91.07   98.08   96.43   96.43   96.43   96.43   96.43   96.43   96.43  100.00  100.00  100.00   98.21   98.18   98.21   96.43   96.43   94.64   94.64   96.15   92.86   92.86   94.64   94.64   96.15   97.83  100.00   97.83   98.18   98.21   98.15   98.15   98.21   98.21   98.11   91.67   91.67   87.50   87.50   92.31   92.86   92.86   91.07   91.07
    69: IgG_binder_603   87.93   87.50   88.68   94.12   91.67   87.50   87.50   87.93   87.93   87.50   87.93   87.50   87.93   87.50   89.66   89.29   89.47   90.57   87.93   89.09   86.21   87.93   89.09   89.29   89.29   87.93   89.29   87.93   91.38   91.07   90.74   89.29   90.57   89.66   94.83   94.64   94.83   94.64   95.74   95.83   94.64   96.23   94.83   96.55   96.43   96.55   96.43   96.55   96.43   96.43   98.11   96.55   96.55   96.43   96.55   96.43   91.38   91.07   98.11   94.83   96.55   96.43   96.55   96.43   96.55   96.43  100.00  100.00  100.00   98.21   98.18   98.28   96.43   96.55   94.64   94.83   96.23   92.86   93.10   94.64   94.83   96.23   97.83  100.00   97.92   98.18   98.21   98.15   98.21   98.28   98.28   98.11   92.11   91.67   87.93   87.50   92.45   93.10   92.86   91.38   91.07
    70: IgG_binder_627   87.50   87.50   88.46   94.12   94.12   87.50   87.50   87.50   87.50   87.50   87.50   87.50   87.50   87.50   89.29   88.89   89.09   90.38   89.29   89.09   89.29   89.29   89.09   89.29   89.29   89.29   89.29   89.29   91.07   90.74   90.74   89.29   90.38   89.29   94.64   94.64   94.64   94.64   95.74   95.83   94.64   96.15   94.64   96.43   96.43   96.43   96.43   96.43   96.43   96.43   98.08   96.43   96.43   96.43   96.43   96.43   91.07   91.07   98.08   96.43   96.43   96.43   96.43   96.43   96.43   96.43  100.00   98.21   98.21  100.00  100.00  100.00   96.43   96.43   94.64   94.64   96.15   92.86   92.86   94.64   94.64   96.15   97.83  100.00   97.83   98.18   98.21   98.15   98.15   98.21   98.21   98.11   91.67   91.67   87.50   87.50   92.31   92.86   92.86   91.07   91.07
    71: IgG_binder_625   87.27   87.27   88.24   93.94   93.94   87.27   87.27   87.27   87.27   87.27   87.27   87.27   87.27   87.27   89.09   88.68   88.89   90.20   89.09   89.09   89.09   89.09   88.89   89.09   89.09   89.09   89.09   89.09   90.91   90.57   90.57   89.09   90.20   89.09   94.55   94.55   94.55   94.55   95.74   95.74   94.55   96.08   94.55   96.36   96.36   96.36   96.36   96.36   96.36   96.36   98.04   96.36   96.36   96.36   96.36   96.36   90.91   90.91   98.04   96.36   96.36   96.36   96.36   96.36   96.36   96.36  100.00   98.18   98.18  100.00  100.00  100.00   96.36   96.36   94.55   94.55   96.08   92.73   92.73   94.55   94.55   96.08   97.78  100.00   97.78   98.18   98.18   98.11   98.11   98.18   98.18   98.11   91.43   91.43   87.27   87.27   92.16   92.73   92.73   90.91   90.91
    72: IgG_binder_622   87.93   87.50   88.68   94.12   91.67   87.50   87.50   87.93   87.93   87.50   87.93   87.50   87.93   87.50   89.66   89.29   89.47   90.57   87.93   89.09   86.21   87.93   89.09   89.29   89.29   87.93   89.29   87.93   91.38   91.07   90.74   89.29   90.57   89.66   94.83   94.64   94.83   94.64   95.74   95.83   94.64   96.23   94.83   96.55   96.43   96.55   96.43   96.55   96.43   96.43   98.11   96.55   96.55   96.43   96.55   96.43   91.38   91.07   98.11   94.83   96.55   96.43   96.55   96.43   96.55   96.43  100.00   98.21   98.28  100.00  100.00  100.00   96.43   96.55   94.64   94.83   96.23   92.86   93.10   94.64   94.83   96.23   97.83  100.00   97.92   98.18   98.21   98.15   98.21   98.28   98.28   98.11   92.11   91.67   87.93   87.50   92.45   93.10   92.86   91.38   91.07
    73: IgG_binder_630   87.50   87.50   86.54   94.12   94.12   87.50   87.50   87.50   87.50   87.50   87.50   87.50   89.29   89.29   89.29   88.89   89.09   88.46   89.29   89.09   89.29   89.29   89.09   89.29   89.29   89.29   89.29   89.29   91.07   90.74   90.74   89.29   88.46   89.29   94.64   94.64   94.64   94.64   93.62   93.75   94.64   94.23   94.64   96.43   96.43   96.43   96.43   96.43   96.43   96.43   96.15   96.43   96.43   96.43   96.43   96.43   91.07   91.07   96.15   96.43   96.43   96.43   96.43   96.43   96.43   96.43   98.08   96.43   96.43   96.43   96.36   96.43  100.00  100.00   94.64   94.64   94.23   92.86   92.86   94.64   94.64   94.23   97.83  100.00   97.83   98.18   98.21   98.15   98.15   98.21   98.21   98.11   91.67   91.67   87.50   87.50   90.38   92.86   92.86   91.07   91.07
    74: IgG_binder_628   87.93   87.50   86.79   94.12   91.67   87.50   87.50   87.93   87.93   87.50   87.93   87.50   89.66   89.29   89.66   89.29   89.47   88.68   87.93   89.09   86.21   87.93   89.09   89.29   89.29   87.93   89.29   87.93   91.38   91.07   90.74   89.29   88.68   89.66   94.83   94.64   94.83   94.64   93.62   93.75   94.64   94.34   94.83   96.55   96.43   96.55   96.43   96.55   96.43   96.43   96.23   96.55   96.55   96.43   96.55   96.43   91.38   91.07   96.23   94.83   96.55   96.43   96.55   96.43   96.55   96.43   98.11   96.43   96.55   96.43   96.36   96.55  100.00  100.00   94.64   94.83   94.34   92.86   93.10   94.64   94.83   94.34   97.83  100.00   97.92   98.18   98.21   98.15   98.21   98.28   98.28   98.11   92.11   91.67   87.93   87.50   90.57   93.10   92.86   91.38   91.07
    75: IgG_binder_640   85.71   85.71   84.62   94.12   94.12   85.71   85.71   85.71   85.71   85.71   85.71   85.71   85.71   85.71   87.50   87.04   87.27   86.54   87.50   87.27   87.50   87.50   87.27   87.50   87.50   87.50   87.50   87.50   89.29   88.89   88.89   87.50   86.54   87.50   92.86   92.86   92.86   92.86   95.74   95.83   92.86   92.31   92.86   94.64   94.64   94.64   94.64   94.64   94.64   94.64   94.23   94.64   94.64   94.64   94.64   94.64   91.07   91.07   94.23   94.64   94.64   94.64   94.64   94.64   94.64   94.64   96.15   94.64   94.64   94.64   94.55   94.64   94.64   94.64  100.00  100.00  100.00   92.86   92.86   94.64   94.64   94.23   97.83  100.00   97.83   96.36   96.43   96.30   96.30   96.43   96.43   96.23   91.67   91.67   87.50   87.50   90.38   92.86   92.86   91.07   91.07
    76: IgG_binder_636   86.21   85.71   84.91   94.12   91.67   85.71   85.71   86.21   86.21   85.71   86.21   85.71   86.21   85.71   87.93   87.50   87.72   86.79   86.21   87.27   84.48   86.21   87.27   87.50   87.50   86.21   87.50   86.21   89.66   89.29   88.89   87.50   86.79   87.93   93.10   92.86   93.10   92.86   95.74   95.83   92.86   92.45   93.10   94.83   94.64   94.83   94.64   94.83   94.64   94.64   94.34   94.83   94.83   94.64   94.83   94.64   91.38   91.07   94.34   93.10   94.83   94.64   94.83   94.64   94.83   94.64   96.23   94.64   94.83   94.64   94.55   94.83   94.64   94.83  100.00  100.00  100.00   92.86   93.10   94.64   94.83   94.34   97.83  100.00   97.92   96.36   96.43   96.30   96.43   96.55   96.55   96.23   92.11   91.67   87.93   87.50   90.57   93.10   92.86   91.38   91.07
    77: IgG_binder_857   84.91   84.62   84.91   94.12   94.29   86.54   84.62   84.91   84.91   84.62   84.91   84.62   84.91   84.62   86.79   86.79   86.79   86.79   86.79   86.27   84.91   84.91   86.54   86.54   86.54   84.91   86.54   84.91   88.68   88.68   88.46   86.54   86.79   86.79   92.45   92.31   92.45   92.31   95.74   95.83   92.31   92.45   92.45   94.34   94.23   94.34   94.23   94.34   94.23   94.23   94.34   94.34   94.34   94.23   94.34   94.23   90.57   90.38   94.34   94.34   94.34   94.23   94.34   94.23   94.34   94.23   96.23   96.15   96.23   96.15   96.08   96.23   94.23   94.34  100.00  100.00  100.00   92.31   92.45   94.23   94.34   94.34   97.83  100.00   97.87   96.08   96.15   96.15   96.23   96.23   96.23   96.08   91.89   91.67   86.79   86.54   90.57   92.45   92.31   90.57   90.38
    78: IgG_binder_538   83.93   83.93   82.69   94.12   94.12   83.93   83.93   83.93   85.71   85.71   87.50   87.50   83.93   83.93   85.71   85.19   85.45   84.62   85.71   85.45   85.71   85.71   85.45   85.71   85.71   85.71   85.71   85.71   87.50   87.04   87.04   85.71   84.62   85.71   91.07   91.07   94.64   94.64   93.62   93.75   91.07   90.38   91.07   92.86   92.86   92.86   92.86   92.86   92.86   92.86   92.31   92.86   92.86   92.86   92.86   92.86   98.21   98.21   92.31   92.86   92.86   92.86   92.86   92.86   92.86   92.86   94.23   92.86   92.86   92.86   92.73   92.86   92.86   92.86   92.86   92.86   92.31  100.00  100.00   98.21   98.21   98.08   95.65  100.00   95.65   94.55   94.64   94.44   94.44   94.64   94.64   94.34   91.67   91.67   94.64   94.64   98.08   96.43   96.43   94.64   94.64
    79: IgG_binder_536   84.48   83.93   83.02   94.12   91.67   83.93   83.93   84.48   86.21   85.71   87.93   87.50   84.48   83.93   86.21   85.71   85.96   84.91   84.48   85.45   82.76   84.48   85.45   85.71   85.71   84.48   85.71   84.48   87.93   87.50   87.04   85.71   84.91   86.21   91.38   91.07   94.83   94.64   93.62   93.75   91.07   90.57   91.38   93.10   92.86   93.10   92.86   93.10   92.86   92.86   92.45   93.10   93.10   92.86   93.10   92.86   98.28   98.21   92.45   91.38   93.10   92.86   93.10   92.86   93.10   92.86   94.34   92.86   93.10   92.86   92.73   93.10   92.86   93.10   92.86   93.10   92.45  100.00  100.00   98.21   98.28   98.11   95.65  100.00   95.83   94.55   94.64   94.44   94.64   94.83   94.83   94.34   92.11   91.67   94.83   94.64   98.11   96.55   96.43   94.83   94.64
    80: IgG_binder_414   85.71   85.71   84.62   94.12   94.12   85.71   85.71   85.71   85.71   85.71   89.29   89.29   85.71   85.71   87.50   87.04   87.27   86.54   87.50   87.27   87.50   87.50   87.27   87.50   87.50   87.50   87.50   87.50   89.29   88.89   88.89   87.50   86.54   87.50   92.86   92.86   96.43   96.43   95.74   95.83   92.86   92.31   92.86   94.64   94.64   94.64   94.64   94.64   94.64   94.64   94.23   94.64   94.64   94.64   94.64   94.64   96.43   96.43   94.23   94.64   94.64   94.64   94.64   94.64   94.64   94.64   96.15   94.64   94.64   94.64   94.55   94.64   94.64   94.64   94.64   94.64   94.23   98.21   98.21  100.00  100.00  100.00   97.83  100.00   97.83   96.36   96.43   96.30   96.30   96.43   96.43   96.23   91.67   91.67   92.86   92.86   96.15   98.21   98.21   96.43   96.43
    81: IgG_binder_412   86.21   85.71   84.91   94.12   91.67   85.71   85.71   86.21   86.21   85.71   89.66   89.29   86.21   85.71   87.93   87.50   87.72   86.79   86.21   87.27   84.48   86.21   87.27   87.50   87.50   86.21   87.50   86.21   89.66   89.29   88.89   87.50   86.79   87.93   93.10   92.86   96.55   96.43   95.74   95.83   92.86   92.45   93.10   94.83   94.64   94.83   94.64   94.83   94.64   94.64   94.34   94.83   94.83   94.64   94.83   94.64   96.55   96.43   94.34   93.10   94.83   94.64   94.83   94.64   94.83   94.64   96.23   94.64   94.83   94.64   94.55   94.83   94.64   94.83   94.64   94.83   94.34   98.21   98.28  100.00  100.00  100.00   97.83  100.00   97.92   96.36   96.43   96.30   96.43   96.55   96.55   96.23   92.11   91.67   93.10   92.86   96.23   98.28   98.21   96.55   96.43
    82: IgG_binder_848   84.91   84.62   84.91   94.12   94.29   86.54   84.62   84.91   84.91   84.62   88.68   88.46   84.91   84.62   86.79   86.79   86.79   86.79   86.79   86.27   84.91   84.91   86.54   86.54   86.54   84.91   86.54   84.91   88.68   88.68   88.46   86.54   86.79   86.79   92.45   92.31   96.23   96.15   95.74   95.83   92.31   92.45   92.45   94.34   94.23   94.34   94.23   94.34   94.23   94.23   94.34   94.34   94.34   94.23   94.34   94.23   96.23   96.15   94.34   94.34   94.34   94.23   94.34   94.23   94.34   94.23   96.23   96.15   96.23   96.15   96.08   96.23   94.23   94.34   94.23   94.34   94.34   98.08   98.11  100.00  100.00  100.00   97.83  100.00   97.87   96.08   96.15   96.15   96.23   96.23   96.23   96.08   91.89   91.67   92.45   92.31   96.23   98.11   98.08   96.23   96.15
    83: IgG_binder_395   84.78   84.78   84.78   94.12   94.12   86.96   84.78   84.78   84.78   84.78   86.96   86.96   86.96   86.96   86.96   86.96   86.96   86.96   86.96   86.67   86.96   86.96   86.96   86.96   86.96   86.96   86.96   86.96   89.13   89.13   89.13   86.96   86.96   86.96   93.48   93.48   95.65   95.65   95.56   95.65   93.48   93.48   93.48   95.65   95.65   95.65   95.65   95.65   95.65   95.65   95.65   95.65   95.65   95.65   95.65   95.65   93.48   93.48   95.65   95.65   95.65   95.65   95.65   95.65   95.65   95.65   97.83   97.83   97.83   97.83   97.78   97.83   97.83   97.83   97.83   97.83   97.83   95.65   95.65   97.83   97.83   97.83  100.00  100.00  100.00   97.78   97.83   97.83   97.83   97.83   97.83   97.78   91.67   91.67   89.13   89.13   93.48   95.65   95.65   93.48   93.48
    84: IgG_binder_875   86.05   85.71   86.05   94.12   94.29   88.10   85.71   86.05   88.37   88.10   88.37   88.10   88.37   88.10   88.37   88.37   88.37   88.37   88.37   87.80   86.05   86.05   88.10   88.10   88.10   86.05   88.10   86.05   90.70   90.70   90.48   88.10   88.37   88.37   95.35   95.24   97.67   97.62  100.00  100.00   95.24   95.35   95.35   97.67   97.62   97.67   97.62   97.67   97.62   97.62   97.67   97.67   97.67   97.62   97.67   97.62   97.67   97.62   97.67   97.67   97.67   97.62   97.67   97.62   97.67   97.62  100.00  100.00  100.00  100.00  100.00  100.00  100.00  100.00  100.00  100.00  100.00  100.00  100.00  100.00  100.00  100.00  100.00  100.00  100.00  100.00  100.00  100.00  100.00  100.00  100.00  100.00   91.89   91.67   93.02   92.86   97.67   97.67   97.62   95.35   95.24
    85: IgG_binder_363   85.42   84.78   85.11   94.12   91.67   86.96   84.78   85.42   85.42   84.78   87.50   86.96   87.50   86.96   87.50   87.50   87.50   87.23   85.42   86.67   83.33   85.42   86.96   86.96   86.96   85.42   86.96   85.42   89.58   89.58   89.13   86.96   87.23   87.50   93.75   93.48   95.83   95.65   95.56   95.65   93.48   93.62   93.75   95.83   95.65   95.83   95.65   95.83   95.65   95.65   95.74   95.83   95.83   95.65   95.83   95.65   93.75   93.48   95.74   93.75   95.83   95.65   95.83   95.65   95.83   95.65   97.87   97.83   97.92   97.83   97.78   97.92   97.83   97.92   97.83   97.92   97.87   95.65   95.83   97.83   97.92   97.87  100.00  100.00  100.00   97.78   97.83   97.83   97.92   97.92   97.92   97.78   92.11   91.67   89.58   89.13   93.62   95.83   95.65   93.75   93.48
    86: IgG_binder_328   89.09   89.09   88.24   93.94   93.94   89.09   89.09   89.09   89.09   89.09   89.09   89.09   89.09   89.09   90.91   90.57   90.74   90.20   90.91   90.91   90.91   90.91   90.74   90.91   90.91   90.91   90.91   90.91   92.73   92.45   92.45   90.91   90.20   90.91   96.36   96.36   96.36   96.36   95.74   95.74   96.36   96.08   96.36   98.18   98.18   98.18   98.18   98.18   98.18   98.18   98.04   98.18   98.18   98.18   98.18   98.18   92.73   92.73   98.04   98.18   98.18   98.18   98.18   98.18   98.18   98.18  100.00   98.18   98.18   98.18   98.18   98.18   98.18   98.18   96.36   96.36   96.08   94.55   94.55   96.36   96.36   96.08   97.78  100.00   97.78  100.00  100.00  100.00  100.00  100.00  100.00  100.00   91.43   91.43   89.09   89.09   92.16   94.55   94.55   92.73   92.73
    87: IgG_binder_269   89.29   89.29   88.46   94.12   94.12   89.29   89.29   89.29   89.29   89.29   89.29   89.29   89.29   89.29   91.07   90.74   90.91   90.38   91.07   90.91   91.07   91.07   90.91   91.07   91.07   91.07   91.07   91.07   92.86   92.59   92.59   91.07   90.38   91.07   96.43   96.43   96.43   96.43   95.74   95.83   96.43   96.15   96.43   98.21   98.21   98.21   98.21   98.21   98.21   98.21   98.08   98.21   98.21   98.21   98.21   98.21   92.86   92.86   98.08   98.21   98.21   98.21   98.21   98.21   98.21   98.21  100.00   98.21   98.21   98.21   98.18   98.21   98.21   98.21   96.43   96.43   96.15   94.64   94.64   96.43   96.43   96.15   97.83  100.00   97.83  100.00  100.00  100.00  100.00  100.00  100.00  100.00   91.67   91.67   89.29   89.29   92.31   94.64   94.64   92.86   92.86
    88: IgG_binder_670   88.89   88.89   88.46   94.12   94.12   90.74   88.89   88.89   88.89   88.89   88.89   88.89   88.89   88.89   90.74   90.74   90.74   90.38   90.74   90.57   90.74   90.74   90.74   90.74   90.74   90.74   90.74   90.74   92.59   92.59   92.59   90.74   90.38   90.74   96.30   96.30   96.30   96.30   95.74   95.83   96.30   96.15   96.30   98.15   98.15   98.15   98.15   98.15   98.15   98.15   98.08   98.15   98.15   98.15   98.15   98.15   92.59   92.59   98.08   98.15   98.15   98.15   98.15   98.15   98.15   98.15  100.00   98.15   98.15   98.15   98.11   98.15   98.15   98.15   96.30   96.30   96.15   94.44   94.44   96.30   96.30   96.15   97.83  100.00   97.83  100.00  100.00  100.00  100.00  100.00  100.00  100.00   91.67   91.67   88.89   88.89   92.31   94.44   94.44   92.59   92.59
    89: IgG_binder_668   89.29   88.89   88.68   94.12   91.67   90.74   88.89   89.29   89.29   88.89   89.29   88.89   89.29   88.89   91.07   91.07   91.07   90.57   89.29   90.57   87.50   89.29   90.74   90.74   90.74   89.29   90.74   89.29   92.86   92.86   92.59   90.74   90.57   91.07   96.43   96.30   96.43   96.30   95.74   95.83   96.30   96.23   96.43   98.21   98.15   98.21   98.15   98.21   98.15   98.15   98.11   98.21   98.21   98.15   98.21   98.15   92.86   92.59   98.11   96.43   98.21   98.15   98.21   98.15   98.21   98.15  100.00   98.15   98.21   98.15   98.11   98.21   98.15   98.21   96.30   96.43   96.23   94.44   94.64   96.30   96.43   96.23   97.83  100.00   97.92  100.00  100.00  100.00  100.00  100.00  100.00  100.00   92.11   91.67   89.29   88.89   92.45   94.64   94.44   92.86   92.59
    90: SPA_B_Domain     89.66   89.29   88.68   94.12   91.67   89.29   89.29   89.66   89.66   89.29   89.66   89.29   89.66   89.29   91.38   91.07   91.23   90.57   89.66   90.91   87.93   89.66   90.91   91.07   91.07   89.66   91.07   89.66   93.10   92.86   92.59   91.07   90.57   91.38   96.55   96.43   96.55   96.43   95.74   95.83   96.43   96.23   96.55   98.28   98.21   98.28   98.21   98.28   98.21   98.21   98.11   98.28   98.28   98.21   98.28   98.21   93.10   92.86   98.11   96.55   98.28   98.21   98.28   98.21   98.28   98.21  100.00   98.21   98.28   98.21   98.18   98.28   98.21   98.28   96.43   96.55   96.23   94.64   94.83   96.43   96.55   96.23   97.83  100.00   97.92  100.00  100.00  100.00  100.00  100.00  100.00  100.00   92.11   91.67   89.66   89.29   92.45   94.83   94.64   93.10   92.86
    91: IgG_binder_265   89.66   89.29   88.68   94.12   91.67   89.29   89.29   89.66   89.66   89.29   89.66   89.29   89.66   89.29   91.38   91.07   91.23   90.57   89.66   90.91   87.93   89.66   90.91   91.07   91.07   89.66   91.07   89.66   93.10   92.86   92.59   91.07   90.57   91.38   96.55   96.43   96.55   96.43   95.74   95.83   96.43   96.23   96.55   98.28   98.21   98.28   98.21   98.28   98.21   98.21   98.11   98.28   98.28   98.21   98.28   98.21   93.10   92.86   98.11   96.55   98.28   98.21   98.28   98.21   98.28   98.21  100.00   98.21   98.28   98.21   98.18   98.28   98.21   98.28   96.43   96.55   96.23   94.64   94.83   96.43   96.55   96.23   97.83  100.00   97.92  100.00  100.00  100.00  100.00  100.00  100.00  100.00   92.11   91.67   89.66   89.29   92.45   94.83   94.64   93.10   92.86
    92: IgG_binder_669   88.68   88.68   88.24   93.94   93.94   90.57   88.68   88.68   88.68   88.68   88.68   88.68   88.68   88.68   90.57   90.57   90.57   90.20   90.57   90.57   90.57   90.57   90.57   90.57   90.57   90.57   90.57   90.57   92.45   92.45   92.45   90.57   90.20   90.57   96.23   96.23   96.23   96.23   95.74   95.74   96.23   96.08   96.23   98.11   98.11   98.11   98.11   98.11   98.11   98.11   98.04   98.11   98.11   98.11   98.11   98.11   92.45   92.45   98.04   98.11   98.11   98.11   98.11   98.11   98.11   98.11  100.00   98.11   98.11   98.11   98.11   98.11   98.11   98.11   96.23   96.23   96.08   94.34   94.34   96.23   96.23   96.08   97.78  100.00   97.78  100.00  100.00  100.00  100.00  100.00  100.00  100.00   91.43   91.43   88.68   88.68   92.16   94.34   94.34   92.45   92.45
    93: IgG_binder_743   92.11   91.67   91.89   94.12   91.67   88.89   86.11   86.84   89.47   88.89   89.47   88.89   89.47   88.89   89.47   89.47   89.47   89.19   86.84   88.57   84.21   86.84   88.89   88.89   88.89   86.84   88.89   86.84   92.11   92.11   91.67   94.44   94.59   94.74   86.84   86.11   89.47   88.89   91.43   91.67   91.67   91.89   92.11   89.47   88.89   89.47   88.89   92.11   91.67   94.44   94.59   94.74   89.47   88.89   89.47   88.89   89.47   88.89   91.89   86.84   92.11   91.67   89.47   88.89   89.47   88.89   91.89   91.67   92.11   91.67   91.43   92.11   91.67   92.11   91.67   92.11   91.89   91.67   92.11   91.67   92.11   91.89   91.67   91.89   92.11   91.43   91.67   91.67   92.11   92.11   92.11   91.43  100.00  100.00   89.47   88.89   94.59   94.74   94.44   92.11   91.67
    94: IgG_binder_748   91.67   91.67   91.67   94.12   94.12   88.89   86.11   86.11   88.89   88.89   88.89   88.89   88.89   88.89   88.89   88.89   88.89   88.89   88.89   88.57   88.89   88.89   88.89   88.89   88.89   88.89   88.89   88.89   91.67   91.67   91.67   94.44   94.44   94.44   86.11   86.11   88.89   88.89   91.43   91.67   91.67   91.67   91.67   88.89   88.89   88.89   88.89   91.67   91.67   94.44   94.44   94.44   88.89   88.89   88.89   88.89   88.89   88.89   91.67   88.89   91.67   91.67   88.89   88.89   88.89   88.89   91.67   91.67   91.67   91.67   91.43   91.67   91.67   91.67   91.67   91.67   91.67   91.67   91.67   91.67   91.67   91.67   91.67   91.67   91.67   91.43   91.67   91.67   91.67   91.67   91.67   91.43  100.00  100.00   88.89   88.89   94.44   94.44   94.44   91.67   91.67
    95: IgG_binder_488   86.21   85.71   84.91   97.06   94.44   82.14   83.93   84.48   84.48   83.93   86.21   85.71   82.76   82.14   84.48   83.93   84.21   83.02   82.76   83.64   81.03   82.76   83.64   83.93   82.14   81.03   82.14   81.03   82.76   82.14   81.48   83.93   83.02   84.48   86.21   85.71   89.66   89.29   87.23   87.50   91.07   90.57   91.38   91.38   91.07   89.66   89.29   89.66   89.29   91.07   90.57   91.38   87.93   87.50   87.93   87.50   94.83   94.64   86.79   86.21   87.93   87.50   89.66   89.29   87.93   87.50   88.68   87.50   87.93   87.50   87.27   87.93   87.50   87.93   87.50   87.93   86.79   94.64   94.83   92.86   93.10   92.45   89.13   93.02   89.58   89.09   89.29   88.89   89.29   89.66   89.66   88.68   89.47   88.89  100.00  100.00   96.23   94.83   94.64   96.55   96.43
    96: IgG_binder_490   85.71   85.71   84.62   97.06   97.06   82.14   83.93   83.93   83.93   83.93   85.71   85.71   82.14   82.14   83.93   83.33   83.64   82.69   83.93   83.64   83.93   83.93   83.64   83.93   82.14   82.14   82.14   82.14   82.14   81.48   81.48   83.93   82.69   83.93   85.71   85.71   89.29   89.29   87.23   87.50   91.07   90.38   91.07   91.07   91.07   89.29   89.29   89.29   89.29   91.07   90.38   91.07   87.50   87.50   87.50   87.50   94.64   94.64   86.54   87.50   87.50   87.50   89.29   89.29   87.50   87.50   88.46   87.50   87.50   87.50   87.27   87.50   87.50   87.50   87.50   87.50   86.54   94.64   94.64   92.86   92.86   92.31   89.13   92.86   89.13   89.09   89.29   88.89   88.89   89.29   89.29   88.68   88.89   88.89  100.00  100.00   96.15   94.64   94.64   96.43   96.43
    97: IgG_binder_909   84.91   84.62   84.91   97.06   97.14   82.69   80.77   81.13   83.02   82.69   84.91   84.62   81.13   80.77   83.02   83.02   83.02   83.02   83.02   82.35   81.13   81.13   82.69   82.69   82.69   81.13   82.69   81.13   84.91   84.91   84.62   86.54   86.79   86.79   88.68   88.46   92.45   92.31   91.49   91.67   92.31   92.45   92.45   90.57   90.38   90.57   90.38   92.45   92.31   94.23   94.34   94.34   90.57   90.38   90.57   90.38   96.23   96.15   90.57   90.57   90.57   90.38   90.57   90.38   90.57   90.38   92.45   92.31   92.45   92.31   92.16   92.45   90.38   90.57   90.38   90.57   90.57   98.08   98.11   96.15   96.23   96.23   93.48   97.67   93.62   92.16   92.31   92.31   92.45   92.45   92.45   92.16   94.59   94.44   96.23   96.15  100.00   98.11   98.08   96.23   96.15
    98: IgG_binder_641   87.93   87.50   86.79   97.06   94.44   83.93   83.93   84.48   84.48   83.93   87.93   87.50   84.48   83.93   86.21   85.71   85.96   84.91   84.48   85.45   82.76   84.48   85.45   85.71   85.71   84.48   85.71   84.48   87.93   87.50   87.04   89.29   88.68   89.66   91.38   91.07   94.83   94.64   93.62   93.75   94.64   94.34   94.83   93.10   92.86   93.10   92.86   94.83   94.64   96.43   96.23   96.55   93.10   92.86   93.10   92.86   94.83   94.64   92.45   91.38   93.10   92.86   93.10   92.86   93.10   92.86   94.34   92.86   93.10   92.86   92.73   93.10   92.86   93.10   92.86   93.10   92.45   96.43   96.55   98.21   98.28   98.11   95.65   97.67   95.83   94.55   94.64   94.44   94.64   94.83   94.83   94.34   94.74   94.44   94.83   94.64   98.11  100.00  100.00   98.28   98.21
    99: IgG_binder_642   87.50   87.50   86.54   97.06   97.06   83.93   83.93   83.93   83.93   83.93   87.50   87.50   83.93   83.93   85.71   85.19   85.45   84.62   85.71   85.45   85.71   85.71   85.45   85.71   85.71   85.71   85.71   85.71   87.50   87.04   87.04   89.29   88.46   89.29   91.07   91.07   94.64   94.64   93.62   93.75   94.64   94.23   94.64   92.86   92.86   92.86   92.86   94.64   94.64   96.43   96.15   96.43   92.86   92.86   92.86   92.86   94.64   94.64   92.31   92.86   92.86   92.86   92.86   92.86   92.86   92.86   94.23   92.86   92.86   92.86   92.73   92.86   92.86   92.86   92.86   92.86   92.31   96.43   96.43   98.21   98.21   98.08   95.65   97.62   95.65   94.55   94.64   94.44   94.44   94.64   94.64   94.34   94.44   94.44   94.64   94.64   98.08  100.00  100.00   98.21   98.21
   100: IgG_binder_696   89.66   89.29   88.68  100.00   97.22   85.71   85.71   86.21   86.21   85.71   89.66   89.29   86.21   85.71   87.93   87.50   87.72   86.79   86.21   87.27   84.48   86.21   87.27   87.50   83.93   82.76   83.93   82.76   86.21   85.71   85.19   87.50   86.79   87.93   89.66   89.29   93.10   92.86   91.49   91.67   92.86   92.45   93.10   91.38   91.07   91.38   91.07   93.10   92.86   94.64   94.34   94.83   91.38   91.07   91.38   91.07   93.10   92.86   90.57   89.66   91.38   91.07   93.10   92.86   91.38   91.07   92.45   91.07   91.38   91.07   90.91   91.38   91.07   91.38   91.07   91.38   90.57   94.64   94.83   96.43   96.55   96.23   93.48   95.35   93.75   92.73   92.86   92.59   92.86   93.10   93.10   92.45   92.11   91.67   96.55   96.43   96.23   98.28   98.21  100.00  100.00
   101: IgG_binder_698   89.29   89.29   88.46  100.00  100.00   85.71   85.71   85.71   85.71   85.71   89.29   89.29   85.71   85.71   87.50   87.04   87.27   86.54   87.50   87.27   87.50   87.50   87.27   87.50   83.93   83.93   83.93   83.93   85.71   85.19   85.19   87.50   86.54   87.50   89.29   89.29   92.86   92.86   91.49   91.67   92.86   92.31   92.86   91.07   91.07   91.07   91.07   92.86   92.86   94.64   94.23   94.64   91.07   91.07   91.07   91.07   92.86   92.86   90.38   91.07   91.07   91.07   92.86   92.86   91.07   91.07   92.31   91.07   91.07   91.07   90.91   91.07   91.07   91.07   91.07   91.07   90.38   94.64   94.64   96.43   96.43   96.15   93.48   95.24   93.48   92.73   92.86   92.59   92.59   92.86   92.86   92.45   91.67   91.67   96.43   96.43   96.15   98.21   98.21  100.00  100.00
